1, 1, 7.629764, 0.020635, 0.005764
1, 2, 3.878198, 0.013330, 0.009051
1, 4, 2.156476, 0.008143, 0.009031
1, 8, 1.921343, 0.007609, 0.032197
1, 16, 1.409011, 0.004627, 0.542661
2, 1, 3.865494, 0.017293, 0.048072
2, 2, 1.968684, 0.010859, 0.039921
2, 4, 1.219954, 0.009748, 0.151910
2, 8, 0.785645, 0.004551, 0.236280
2, 16, 0.605329, 0.003993, 0.061224
4, 1, 1.966057, 0.011870, 0.047207
4, 2, 1.012351, 0.007794, 0.047022
4, 4, 0.604121, 0.004208, 0.053169
4, 8, 0.632112, 0.004052, 0.084650
4, 16, 0.370319, 0.002182, 0.229726
