1, 1, 66.477701, 0.054525, 0.021912
1, 2, 35.287197, 0.067629, 1.848369
1, 4, 17.925689, 0.028010, 0.055422
1, 8, 9.398517, 0.027598, 0.761344
1, 16, 7.024461, 0.022262, 2.255191
2, 1, 33.313639, 0.036661, 0.084857
2, 2, 17.372877, 0.039158, 0.056067
2, 4, 8.882376, 0.028263, 0.289776
2, 8, 6.383717, 0.021520, 0.182186
2, 16, 4.205710, 0.008785, 1.872416
4, 1, 16.715388, 0.028941, 0.081528
4, 2, 8.687259, 0.018121, 0.451961
4, 4, 4.814651, 0.017454, 0.680863
4, 8, 3.040473, 0.011144, 0.727247
4, 16, 2.399422, 0.009159, 1.226379
